allhc.price<-1.71
atn.price<-0.52
tugo.price<-9.80
((allhc.price*4000)+(atn.price*3000))
((allhc.price*4000)+(atn.price*3000))/tugo.price
40000/274
140*100
